{
 "metadata": {
  "language_info": {
   "codemirror_mode": {
    "name": "ipython",
    "version": 3
   },
   "file_extension": ".py",
   "mimetype": "text/x-python",
   "name": "python",
   "nbconvert_exporter": "python",
   "pygments_lexer": "ipython3",
   "version": "3.9.4"
  },
  "orig_nbformat": 2,
  "kernelspec": {
   "name": "python3",
   "display_name": "Python 3.9.4 64-bit ('py39': conda)"
  },
  "interpreter": {
   "hash": "ef72e1fd873928c100767b4ab692a4ed4e155ac354248008f2a0d308f6cb9a3c"
  }
 },
 "nbformat": 4,
 "nbformat_minor": 2,
 "cells": [
  {
   "cell_type": "code",
   "execution_count": 52,
   "metadata": {},
   "outputs": [],
   "source": [
    "import numpy as np\n",
    "import pandas as pd\n",
    "import matplotlib as plt\n",
    "\n",
    "from sklearn.feature_selection import VarianceThreshold\n"
   ]
  },
  {
   "cell_type": "code",
   "execution_count": null,
   "metadata": {},
   "outputs": [],
   "source": []
  },
  {
   "cell_type": "code",
   "execution_count": 81,
   "metadata": {},
   "outputs": [],
   "source": [
    "df = pd.read_csv('data_sources//combined_data.csv', converters={'county_fips': lambda x: str(x)})"
   ]
  },
  {
   "source": [
    "## Find header columns"
   ],
   "cell_type": "markdown",
   "metadata": {}
  },
  {
   "cell_type": "code",
   "execution_count": 82,
   "metadata": {},
   "outputs": [
    {
     "output_type": "execute_result",
     "data": {
      "text/plain": [
       "Index(['county', 'county_ascii', 'county_fips', 'state_id', 'state_name',\n",
       "       'city_largest', 'city_largest_id', 'lat', 'lng', 'population',\n",
       "       'density', 'timezone', 'timezone_all', 'age_median', 'age_under_10',\n",
       "       'age_10_to_19', 'age_20s', 'age_30s', 'age_40s', 'age_50s', 'age_60s',\n",
       "       'age_70s', 'age_over_80', 'male', 'female', 'married', 'divorced',\n",
       "       'never_married', 'widowed', 'family_size', 'family_dual_income',\n",
       "       'income_household_median', 'income_household_under_5',\n",
       "       'income_household_5_to_10', 'income_household_10_to_15',\n",
       "       'income_household_15_to_20', 'income_household_20_to_25',\n",
       "       'income_household_25_to_35', 'income_household_35_to_50',\n",
       "       'income_household_50_to_75', 'income_household_75_to_100',\n",
       "       'income_household_100_to_150', 'income_household_150_over',\n",
       "       'income_household_six_figure', 'income_individual_median',\n",
       "       'home_ownership', 'home_value', 'rent_median', 'rent_burden',\n",
       "       'education_less_highschool', 'education_highschool',\n",
       "       'education_some_college', 'education_bachelors', 'education_graduate',\n",
       "       'education_college_or_above', 'education_stem_degree',\n",
       "       'labor_force_participation', 'labor_force', 'labor_force_average',\n",
       "       'unemployment_rate', 'unemployment_rate_average', 'bls_date',\n",
       "       'race_white', 'race_black', 'race_asian', 'race_native', 'race_pacific',\n",
       "       'race_other', 'race_multiple', 'hispanic', 'disabled', 'poverty',\n",
       "       'limited_english', 'commute_time', 'health_uninsured', 'veteran',\n",
       "       'zips', 'total_precip_mm', 'num_precip_days',\n",
       "       'num_precip_days_greater_1mm', '0.05_percentile_high',\n",
       "       '0.25_percentile_high', '0.50_percentile_high', '0.75_percentile_high',\n",
       "       '0.95_percentile_high', 'min_high', 'max_high',\n",
       "       'crime_rate_per_100000_x', 'crime_rate_per_100000_y'],\n",
       "      dtype='object')"
      ]
     },
     "metadata": {},
     "execution_count": 82
    }
   ],
   "source": [
    "df.columns"
   ]
  },
  {
   "cell_type": "code",
   "execution_count": 83,
   "metadata": {},
   "outputs": [],
   "source": [
    "keep_cols = [#'county', 'county_ascii', \n",
    "       'county_fips', \n",
    "       #'state_id', 'state_name',\n",
    "       #'city_largest', 'city_largest_id', \n",
    "       'lat', 'lng', 'population',\n",
    "       'density', 'timezone', 'timezone_all', 'age_median', \n",
    "       'age_under_10',\n",
    "       'age_10_to_19', 'age_20s', 'age_30s', 'age_40s', 'age_50s', 'age_60s',\n",
    "       'age_70s', 'age_over_80', \n",
    "       'male', 'female', 'married', 'divorced',\n",
    "       'never_married', 'widowed', \n",
    "       'family_size', 'family_dual_income',\n",
    "       'income_household_median', \n",
    "       'income_household_under_5',\n",
    "       'income_household_5_to_10', 'income_household_10_to_15',\n",
    "       'income_household_15_to_20', 'income_household_20_to_25',\n",
    "       'income_household_25_to_35', 'income_household_35_to_50',\n",
    "       'income_household_50_to_75', 'income_household_75_to_100',\n",
    "       'income_household_100_to_150', 'income_household_150_over',\n",
    "       'income_household_six_figure', \n",
    "       'income_individual_median',\n",
    "       'home_ownership', 'home_value', 'rent_median', \n",
    "       'rent_burden',\n",
    "       'education_less_highschool', 'education_highschool',\n",
    "       'education_some_college', 'education_bachelors', 'education_graduate',\n",
    "       'education_college_or_above', 'education_stem_degree',\n",
    "       'labor_force_participation', \n",
    "       'labor_force', \n",
    "       'labor_force_average', 'unemployment_rate', \n",
    "       'unemployment_rate_average', \n",
    "       #'bls_date',\n",
    "       'race_white', 'race_black', 'race_asian', 'race_native', 'race_pacific',\n",
    "       'race_other', 'race_multiple', 'hispanic', 'disabled', 'poverty',\n",
    "       'limited_english', 'commute_time', 'health_uninsured', 'veteran',\n",
    "       'zips', 'total_precip_mm', 'num_precip_days',\n",
    "       'num_precip_days_greater_1mm', \n",
    "       '0.05_percentile_high',\n",
    "       '0.25_percentile_high', '0.50_percentile_high', '0.75_percentile_high',\n",
    "       '0.95_percentile_high', \n",
    "       'min_high', 'max_high',\n",
    "       'crime_rate_per_100000_x', \n",
    "       #'crime_rate_per_100000_y'\n",
    "       ]"
   ]
  },
  {
   "cell_type": "code",
   "execution_count": 92,
   "metadata": {},
   "outputs": [],
   "source": [
    "df2 = df[keep_cols]"
   ]
  },
  {
   "cell_type": "code",
   "execution_count": 100,
   "metadata": {},
   "outputs": [
    {
     "output_type": "execute_result",
     "data": {
      "text/plain": [
       "county_fips                    0\n",
       "lat                            0\n",
       "lng                            0\n",
       "population                     0\n",
       "density                        0\n",
       "timezone                       0\n",
       "timezone_all                   0\n",
       "age_median                     0\n",
       "age_under_10                   0\n",
       "age_10_to_19                   0\n",
       "age_20s                        0\n",
       "age_30s                        0\n",
       "age_40s                        0\n",
       "age_50s                        0\n",
       "age_60s                        0\n",
       "age_70s                        0\n",
       "age_over_80                    0\n",
       "male                           0\n",
       "female                         0\n",
       "married                        0\n",
       "divorced                       0\n",
       "never_married                  0\n",
       "widowed                        0\n",
       "family_size                    0\n",
       "family_dual_income             0\n",
       "income_household_median        0\n",
       "income_household_under_5       0\n",
       "income_household_5_to_10       0\n",
       "income_household_10_to_15      0\n",
       "income_household_15_to_20      0\n",
       "income_household_20_to_25      0\n",
       "income_household_25_to_35      0\n",
       "income_household_35_to_50      0\n",
       "income_household_50_to_75      0\n",
       "income_household_75_to_100     0\n",
       "income_household_100_to_150    0\n",
       "income_household_150_over      0\n",
       "income_household_six_figure    0\n",
       "income_individual_median       0\n",
       "home_ownership                 0\n",
       "home_value                     0\n",
       "rent_median                    0\n",
       "rent_burden                    0\n",
       "education_less_highschool      0\n",
       "education_highschool           0\n",
       "education_some_college         0\n",
       "education_bachelors            0\n",
       "education_graduate             0\n",
       "education_college_or_above     0\n",
       "education_stem_degree          0\n",
       "labor_force_participation      0\n",
       "labor_force                    0\n",
       "labor_force_average            0\n",
       "unemployment_rate              0\n",
       "unemployment_rate_average      0\n",
       "race_white                     0\n",
       "race_black                     0\n",
       "race_asian                     0\n",
       "race_native                    0\n",
       "race_pacific                   0\n",
       "race_other                     0\n",
       "race_multiple                  0\n",
       "hispanic                       0\n",
       "disabled                       0\n",
       "poverty                        0\n",
       "limited_english                0\n",
       "commute_time                   0\n",
       "health_uninsured               0\n",
       "veteran                        0\n",
       "zips                           0\n",
       "total_precip_mm                0\n",
       "num_precip_days                0\n",
       "num_precip_days_greater_1mm    0\n",
       "0.05_percentile_high           0\n",
       "0.25_percentile_high           0\n",
       "0.50_percentile_high           0\n",
       "0.75_percentile_high           0\n",
       "0.95_percentile_high           0\n",
       "min_high                       0\n",
       "max_high                       0\n",
       "crime_rate_per_100000_x        0\n",
       "dtype: int64"
      ]
     },
     "metadata": {},
     "execution_count": 100
    }
   ],
   "source": [
    "# remove States and extra FIPs\n",
    "df2[df2.isna().any(axis=1)]\n",
    "\n",
    "\n",
    "df2.isna().sum()\n"
   ]
  },
  {
   "cell_type": "code",
   "execution_count": 94,
   "metadata": {},
   "outputs": [],
   "source": [
    "pd.set_option(\"display.max_columns\", None)"
   ]
  },
  {
   "cell_type": "code",
   "execution_count": 95,
   "metadata": {},
   "outputs": [
    {
     "output_type": "stream",
     "name": "stderr",
     "text": [
      "C:\\Users\\fusio\\anaconda3\\envs\\py39\\lib\\site-packages\\pandas\\core\\frame.py:4308: SettingWithCopyWarning:\n\n\nA value is trying to be set on a copy of a slice from a DataFrame\n\nSee the caveats in the documentation: https://pandas.pydata.org/pandas-docs/stable/user_guide/indexing.html#returning-a-view-versus-a-copy\n\n"
     ]
    }
   ],
   "source": [
    "#drop 46113 and 02270\n",
    "df2.drop(df2[df2['county_fips'] == '46113'].index, inplace = True)\n",
    "df2.drop(df2[df2['county_fips'] == '02270'].index, inplace = True)\n"
   ]
  },
  {
   "cell_type": "code",
   "execution_count": 99,
   "metadata": {},
   "outputs": [],
   "source": [
    "# for remaining NaNs, consider replacing with local means/medians\n",
    "# for now, drop the rows\n",
    "df2 = df2.dropna()"
   ]
  },
  {
   "cell_type": "code",
   "execution_count": null,
   "metadata": {},
   "outputs": [],
   "source": []
  },
  {
   "cell_type": "code",
   "execution_count": 19,
   "metadata": {},
   "outputs": [
    {
     "output_type": "display_data",
     "data": {
      "application/vnd.plotly.v1+json": {
       "config": {
        "plotlyServerURL": "https://plot.ly"
       },
       "data": [
        {
         "coloraxis": "coloraxis",
         "hovertemplate": "x: %{x}<br>y: %{y}<br>color: %{z}<extra></extra>",
         "name": "0",
         "type": "heatmap",
         "x": [
          "lat",
          "lng",
          "population",
          "density",
          "age_median",
          "age_under_10",
          "age_70s",
          "age_over_80",
          "male",
          "female",
          "married",
          "divorced",
          "family_size",
          "family_dual_income",
          "income_household_median",
          "income_individual_median",
          "home_ownership",
          "home_value",
          "rent_median",
          "education_less_highschool",
          "education_highschool",
          "education_some_college",
          "education_bachelors",
          "education_graduate",
          "education_college_or_above",
          "education_stem_degree",
          "labor_force",
          "unemployment_rate_average",
          "race_white",
          "race_black",
          "race_asian",
          "race_native",
          "race_pacific",
          "race_other",
          "race_multiple",
          "hispanic",
          "disabled",
          "poverty",
          "limited_english",
          "commute_time",
          "health_uninsured",
          "veteran",
          "total_precip_mm",
          "num_precip_days",
          "num_precip_days_greater_1mm",
          "min_high",
          "max_high",
          "crime_rate_per_100000_x"
         ],
         "xaxis": "x",
         "y": [
          "lat",
          "lng",
          "population",
          "density",
          "age_median",
          "age_under_10",
          "age_70s",
          "age_over_80",
          "male",
          "female",
          "married",
          "divorced",
          "family_size",
          "family_dual_income",
          "income_household_median",
          "income_individual_median",
          "home_ownership",
          "home_value",
          "rent_median",
          "education_less_highschool",
          "education_highschool",
          "education_some_college",
          "education_bachelors",
          "education_graduate",
          "education_college_or_above",
          "education_stem_degree",
          "labor_force",
          "unemployment_rate_average",
          "race_white",
          "race_black",
          "race_asian",
          "race_native",
          "race_pacific",
          "race_other",
          "race_multiple",
          "hispanic",
          "disabled",
          "poverty",
          "limited_english",
          "commute_time",
          "health_uninsured",
          "veteran",
          "total_precip_mm",
          "num_precip_days",
          "num_precip_days_greater_1mm",
          "min_high",
          "max_high",
          "crime_rate_per_100000_x"
         ],
         "yaxis": "y",
         "z": [
          [
           1,
           -0.2642119514420837,
           -0.08647296684368178,
           -0.0066410289537871675,
           0.11162683272092687,
           0.008744943652619087,
           -0.0180528400088362,
           0.12339313790848104,
           0.13212120803642868,
           -0.13211983707003577,
           0.2591587032163578,
           -0.27729029123503174,
           -0.25586986334678363,
           0.40255264984117844,
           0.251929415949274,
           0.2874359041148603,
           0.11128343744124047,
           0.1157653943175468,
           -0.014115590213760527,
           -0.4828430362864687,
           -0.030975904485796384,
           0.29749034680453573,
           0.21237348975943862,
           0.09046541482303438,
           0.16816751816287712,
           0.20465983940899748,
           -0.07992151667031634,
           -0.07565240009611696,
           0.260746512684904,
           -0.40994941320695916,
           -0.007124527054788991,
           0.2530778644267748,
           -0.09090966657167035,
           -0.1857888598055552,
           0.007461039503855516,
           -0.34005708797250467,
           -0.2494923426194055,
           -0.3316266603707173,
           -0.22005580979704487,
           -0.3067116656939772,
           -0.3450499504802522,
           0.09882220788247968,
           -0.7574191652705636,
           -0.2859259285693334,
           -0.3244422914354272,
           -0.8386461118225558,
           -0.27804669302718216,
           -0.3022574467769064
          ],
          [
           -0.2642119514420837,
           1,
           0.00418703882524279,
           0.09449890027677949,
           0.08931222379762309,
           -0.24436020279236675,
           0.03761887129943893,
           0.024976714576276076,
           -0.24417095587624035,
           0.24418295396316492,
           -0.1474429507415603,
           0.07446810772747474,
           -0.17421547104604024,
           -0.11478138688900785,
           -0.06857076455420438,
           -0.03406693183423815,
           0.12013623060020806,
           -0.19290210661048107,
           -0.07942358967579516,
           0.056377735803578945,
           0.236244200783766,
           -0.40895187116628345,
           -0.07887086767060043,
           0.11298301666794798,
           0.006177683940255442,
           -0.1587819417577486,
           0.003162724297037681,
           0.06178839518810559,
           0.03265528971612585,
           0.3118849967507287,
           -0.16875140843042716,
           -0.29556517057234427,
           -0.27095481167218405,
           -0.20541102677201953,
           -0.34308684558452834,
           -0.29694193082416714,
           0.10428732409621996,
           0.0660161480884663,
           -0.1781522138533254,
           0.3581555564551372,
           -0.19651806493687432,
           -0.09871748919665067,
           0.13060869296118222,
           0.060615466362664336,
           0.0722058356137854,
           0.21805023007055152,
           -0.36095710392850494,
           0.04214916770298097
          ],
          [
           -0.08647296684368178,
           0.00418703882524279,
           1,
           0.30241046090009116,
           -0.18215141797525652,
           0.046952163734200136,
           -0.2083372094375291,
           -0.17083084869456924,
           -0.1226835060738272,
           0.1226784186024438,
           -0.1727359105046887,
           -0.09052787846694148,
           0.18281871045334733,
           0.13537674073626263,
           0.2884899099382447,
           0.24732782787240007,
           -0.29839435408175863,
           0.3834373952554716,
           0.46036794700216516,
           -0.03029102241349361,
           -0.3214238708355278,
           -0.13726653939152106,
           0.30368302045290696,
           0.33291484039739466,
           0.3357785446895979,
           0.15435805980804393,
           0.9975345229251902,
           0.20546693000285143,
           -0.24015472911726216,
           0.12083716203499462,
           0.4608665738247871,
           -0.04983219920346787,
           0.03654958349898438,
           0.2283137412857083,
           0.13980150827914894,
           0.19970464087408452,
           -0.2400078796266847,
           -0.07606131895568778,
           0.2754581235538824,
           0.18628172727032635,
           -0.040426657439062916,
           -0.187999053249484,
           0.1312532901482657,
           0.10421574788241181,
           0.10800892239351859,
           0.14849628031313059,
           0.17009723626526116,
           0.2354143532256298
          ],
          [
           -0.0066410289537871675,
           0.09449890027677949,
           0.30241046090009116,
           1,
           -0.09364896756038638,
           -0.02405015073019972,
           -0.10704813004374016,
           -0.07214444222941685,
           -0.0858416452428997,
           0.08583913472532657,
           -0.1546928711972023,
           -0.0660785542466532,
           0.05732353163813794,
           0.07553183215626229,
           0.1790552197891978,
           0.2083002160104398,
           -0.2785209830363895,
           0.34183694787263413,
           0.28834828877858826,
           -0.01998863332444997,
           -0.18550522604551775,
           -0.173308908474321,
           0.20095475791517706,
           0.2707051016956457,
           0.24579462805572017,
           0.07849129870229954,
           0.30778879477931986,
           0.10810804584995344,
           -0.17062956109057884,
           0.10657038251174125,
           0.3084127751517722,
           -0.030488149581158832,
           0.003918651454119901,
           0.11858424794372563,
           0.07592030294973422,
           0.06654204835331404,
           -0.12232213294374959,
           -0.022533280093386815,
           0.1652354832825383,
           0.13291601002469547,
           -0.04519181722584933,
           -0.14278233974392895,
           0.02227599544061981,
           0.04145397297447031,
           0.04319981006486035,
           0.07544785719051772,
           -0.00023053465792666908,
           0.16682518756226877
          ],
          [
           0.11162683272092687,
           0.08931222379762309,
           -0.18215141797525652,
           -0.09364896756038638,
           1,
           -0.6474636629589926,
           0.8542562392503354,
           0.6704372597522396,
           -0.03080532271517363,
           0.030802935554502014,
           0.4031889751156155,
           0.22450744193378444,
           -0.558180832119609,
           -0.2816771433315839,
           -0.15613602292007248,
           -0.05824142436354294,
           0.5523468230805523,
           -0.07766987541422317,
           -0.2522635277615099,
           -0.1772216684801559,
           0.27013044631617716,
           0.14043685271913306,
           -0.14183336525391227,
           -0.17886500176527084,
           -0.16776991245572492,
           0.044275779868666924,
           -0.1852616370610483,
           -0.003989956035230901,
           0.3552334852595521,
           -0.1815857019718008,
           -0.23155367135339322,
           -0.17125634362255185,
           0.0012974156681212316,
           -0.24013138230617656,
           -0.15696989131727362,
           -0.30525608188249237,
           0.41164025861724945,
           -0.20235911678661164,
           -0.33126565554987647,
           0.10972349040105356,
           -0.22523002110251053,
           0.4271250809572296,
           -0.15241150557843366,
           -0.060773966122382464,
           -0.06754631675879733,
           -0.08677737203109441,
           -0.1658602402260433,
           -0.24726298878134723
          ],
          [
           0.008744943652619087,
           -0.24436020279236675,
           0.046952163734200136,
           -0.02405015073019972,
           -0.6474636629589926,
           1,
           -0.5519738561583933,
           -0.351004210988635,
           -0.10282103095171065,
           0.10282401151004303,
           0.03950301667400312,
           -0.2203746223817186,
           0.529903605827402,
           0.22275022763961974,
           0.07103748882325349,
           0.07479667337132569,
           -0.21330734203550683,
           -0.11221051357676443,
           0.00032547458691622067,
           0.2201556369851256,
           -0.07460235883696438,
           0.07109969648390478,
           -0.05999436501115864,
           -0.18188140011557974,
           -0.12070086860868191,
           -0.14310640646385317,
           0.04666407602163201,
           -0.11615010525142701,
           -0.20483106389024688,
           0.005904454479935516,
           0.017733666099070705,
           0.2794839554170469,
           -0.04080017898693344,
           0.21703597191808024,
           0.06052458585366872,
           0.28971432041461687,
           -0.2984152885528629,
           0.09949305513415405,
           0.32520826248841,
           -0.18467475940794242,
           0.3337295023864231,
           -0.26185680080430934,
           0.05016796696365637,
           -0.04734500266888209,
           -0.045381494998049304,
           -0.06698339863600371,
           0.2035109818531242,
           0.10959179220672816
          ],
          [
           -0.0180528400088362,
           0.03761887129943893,
           -0.2083372094375291,
           -0.10704813004374016,
           0.8542562392503354,
           -0.5519738561583933,
           1,
           0.5853046651893673,
           -0.06276221681242318,
           0.06275475318174013,
           0.2979419749411376,
           0.23346158228874805,
           -0.45435233025841165,
           -0.43412225297422774,
           -0.3167808569387177,
           -0.25693404315126384,
           0.4524701170640242,
           -0.14409258151296464,
           -0.3208760477373393,
           -0.0540260558524193,
           0.233770619526892,
           0.125283014664218,
           -0.20553626007579345,
           -0.18840298022548746,
           -0.2099733294962168,
           -0.016561301158274838,
           -0.21617078115821234,
           -0.001421305994655597,
           0.3015967242780932,
           -0.15521042730983275,
           -0.28565958768100064,
           -0.1154127711898762,
           -0.07171414125041252,
           -0.17443684630022957,
           -0.1389542450031394,
           -0.18572616480461526,
           0.474454633598044,
           -0.015442412947280633,
           -0.2382411720888849,
           0.03883334195296824,
           -0.07181129518944268,
           0.43986492659834564,
           -0.03828926125782621,
           -0.024839085389351027,
           -0.026417666728499548,
           0.016855507107430882,
           -0.05526698872579222,
           -0.16999568012417623
          ],
          [
           0.12339313790848104,
           0.024976714576276076,
           -0.17083084869456924,
           -0.07214444222941685,
           0.6704372597522396,
           -0.351004210988635,
           0.5853046651893673,
           1,
           -0.062266627384110255,
           0.062262477208916416,
           0.3339589288747717,
           -0.04183819458310222,
           -0.4690897816933758,
           -0.059354892963735174,
           -0.21777982805998405,
           -0.09798711824132007,
           0.337391045220019,
           -0.24608005169395078,
           -0.36979805767896184,
           -0.17464031824104653,
           0.21617484601645065,
           0.22214929977917958,
           -0.11570747779003483,
           -0.22229303897390365,
           -0.1726267629941558,
           -0.05110401126602775,
           -0.17597787585038416,
           -0.2547481879492018,
           0.3594127642304862,
           -0.2153410784184473,
           -0.2207694320730438,
           -0.15034949760844676,
           0.027599149290655964,
           -0.18979771982195698,
           -0.1835515462017312,
           -0.19967241963632879,
           0.24218112251748428,
           -0.16758902593288305,
           -0.21058710056655164,
           -0.24694199471330366,
           -0.19157532868609758,
           0.2407985574499622,
           -0.11333558039734755,
           -0.08982217529162229,
           -0.09609316604540047,
           -0.18047795546424547,
           -0.025235957793218,
           -0.2664127110599132
          ],
          [
           0.13212120803642868,
           -0.24417095587624035,
           -0.1226835060738272,
           -0.0858416452428997,
           -0.03080532271517363,
           -0.10282103095171065,
           -0.06276221681242318,
           -0.062266627384110255,
           1,
           -0.9999996027952099,
           -0.026223394326910437,
           0.029255424096197843,
           0.03663733610627636,
           0.02734997296303038,
           -0.004906465171771905,
           -0.050867022510285916,
           0.09159432718830085,
           -0.05427811136712111,
           -0.07589586259231855,
           0.09251560678583158,
           0.1494177388551164,
           0.021426079687876614,
           -0.14387473344074725,
           -0.2082094810372909,
           -0.18271884659022353,
           0.02270088910522145,
           -0.12336059232039276,
           -0.08447651690808362,
           0.0859699048418773,
           -0.17354340497367127,
           -0.040732206111507845,
           0.08922244496755295,
           -0.0070376819990753394,
           0.04940448910052217,
           0.04907179040680145,
           0.13882948657260522,
           0.009283621813017891,
           -0.06004938627455556,
           0.058829251008573995,
           -0.10847354476558546,
           0.08785845546038633,
           0.07684150596347863,
           -0.09923216196632412,
           -0.08432794815255908,
           -0.09069643986709397,
           -0.160444465736093,
           0.049404343768251785,
           -0.14006459354887604
          ],
          [
           -0.13211983707003577,
           0.24418295396316492,
           0.1226784186024438,
           0.08583913472532657,
           0.030802935554502014,
           0.10282401151004303,
           0.06275475318174013,
           0.062262477208916416,
           -0.9999996027952099,
           1,
           0.026220201029932937,
           -0.029234830630521062,
           -0.03663770074620382,
           -0.02736557068858507,
           0.004891952836745375,
           0.05085261761661424,
           -0.09160787976479426,
           0.0542698175277697,
           0.07588747351546654,
           -0.09249368090827148,
           -0.14940093511187405,
           -0.02143895405503392,
           0.1438508174229652,
           0.2081978998315797,
           0.18269925621977773,
           -0.02271410564908411,
           0.12335519527849757,
           0.08449849190379265,
           -0.0859565237593523,
           0.17353418653793676,
           0.04072376779735863,
           -0.08922544195023985,
           0.00703488444228655,
           -0.04941344941836998,
           -0.04907530713644391,
           -0.13884052967114066,
           -0.009251007882373933,
           0.06006149335342268,
           -0.058837801223026336,
           0.10849177714665158,
           -0.08786603709988049,
           -0.0768372793025555,
           0.09923581259087054,
           0.08433871245436879,
           0.09070707221652435,
           0.16044020065847112,
           -0.04940657538077634,
           0.14004805436692142
          ],
          [
           0.2591587032163578,
           -0.1474429507415603,
           -0.1727359105046887,
           -0.1546928711972023,
           0.4031889751156155,
           0.03950301667400312,
           0.2979419749411376,
           0.3339589288747717,
           -0.026223394326910437,
           0.026220201029932937,
           1,
           -0.39869285823843587,
           -0.40204610672896407,
           0.3263786777139769,
           0.29361838602725254,
           0.35113856226387,
           0.5895511980672041,
           0.015524462887563638,
           -0.11801110992440471,
           -0.31558430883237276,
           0.03443607677725412,
           0.3102232601929077,
           0.11627596168452921,
           -0.13359519034889947,
           0.006330071046084419,
           0.06714408290188784,
           -0.16753552650688142,
           -0.40344633710839606,
           0.6170433648669497,
           -0.5392070013218105,
           -0.1490405138331252,
           -0.20502142629762718,
           -0.04653048060984454,
           -0.12115052225831392,
           -0.1723893405826969,
           -0.1558460854805642,
           -0.12923748939340138,
           -0.5862142752078626,
           -0.16232080463642376,
           -0.038418295397191125,
           -0.1943564196741912,
           0.21410752832186233,
           -0.23828632607688088,
           -0.12092620453956449,
           -0.1345443773095547,
           -0.3286369996120203,
           -0.04962658642115719,
           -0.4734782753818913
          ],
          [
           -0.27729029123503174,
           0.07446810772747474,
           -0.09052787846694148,
           -0.0660785542466532,
           0.22450744193378444,
           -0.2203746223817186,
           0.23346158228874805,
           -0.04183819458310222,
           0.029255424096197843,
           -0.029234830630521062,
           -0.39869285823843587,
           1,
           -0.0002579230374314192,
           -0.5811723237446366,
           -0.45328230185294355,
           -0.4328806740951315,
           -0.05601334068382812,
           -0.21208014898956856,
           -0.17511867122928507,
           0.29756537260277877,
           0.2964015226466819,
           -0.07432676849584677,
           -0.423671024652968,
           -0.25780715179994673,
           -0.371692559370797,
           -0.09944539660595164,
           -0.09865709162771709,
           0.29525286510995163,
           -0.05645216116017523,
           0.14093873392226675,
           -0.20389566834717807,
           -0.02838948215891621,
           -0.00822934180698088,
           -0.061515463209885726,
           0.09501874222664387,
           -0.025152046972474265,
           0.5829852041646443,
           0.3712134297993403,
           -0.12685030609790496,
           0.15647788105366342,
           0.16841055205849553,
           0.2745842169725582,
           0.21334396442483686,
           0.14613210227531512,
           0.1569498014804435,
           0.3014029008777173,
           0.010425618403177225,
           0.22857437499134686
          ],
          [
           -0.25586986334678363,
           -0.17421547104604024,
           0.18281871045334733,
           0.05732353163813794,
           -0.558180832119609,
           0.529903605827402,
           -0.45435233025841165,
           -0.4690897816933758,
           0.03663733610627636,
           -0.03663770074620382,
           -0.40204610672896407,
           -0.0002579230374314192,
           1,
           -0.036633239636157236,
           0.049015531432859166,
           -0.09025215180146932,
           -0.23710559729709502,
           0.08809763921495423,
           0.21153181104854898,
           0.41060970148496895,
           -0.11642522219604222,
           -0.20788398464504537,
           -0.07364380953428216,
           -0.03320373038651058,
           -0.059173152729650576,
           -0.07923923019361148,
           0.1793198850866196,
           0.16774380628214872,
           -0.4317779646088976,
           0.16729272001949652,
           0.1900706681592102,
           0.3126908844622356,
           0.02752792846044358,
           0.35681141350964457,
           0.1301053044203651,
           0.485682047220641,
           -0.15580640977690102,
           0.2598659461659985,
           0.4875018711834912,
           0.10699333035487953,
           0.468838899552184,
           -0.2970272563627711,
           0.23934477644830393,
           0.06418587852613103,
           0.07554753222649109,
           0.24991968603814296,
           0.2467327105704002,
           0.23192302268540135
          ],
          [
           0.40255264984117844,
           -0.11478138688900785,
           0.13537674073626263,
           0.07553183215626229,
           -0.2816771433315839,
           0.22275022763961974,
           -0.43412225297422774,
           -0.059354892963735174,
           0.02734997296303038,
           -0.02736557068858507,
           0.3263786777139769,
           -0.5811723237446366,
           -0.036633239636157236,
           1,
           0.6652169999919638,
           0.6718656708922729,
           -0.0495500659127973,
           0.34139652666765624,
           0.3385552218910952,
           -0.4899934519505582,
           -0.3747290582326133,
           0.16183394922557742,
           0.5823086747845244,
           0.34211586845275205,
           0.5051443164167276,
           0.17866959325127485,
           0.15324955381223238,
           -0.39165087948329347,
           0.1795846289790882,
           -0.2680171696793483,
           0.26633916789896184,
           -0.06785366188302244,
           0.07964262380868181,
           0.03126961726392115,
           0.047267450329622165,
           -0.02788974123283172,
           -0.7145659767298561,
           -0.6507914803800309,
           0.04222136815622302,
           -0.23427132577318088,
           -0.26594236664828796,
           -0.22668669912943915,
           -0.2917232947756745,
           -0.11740395421552703,
           -0.13552256212765088,
           -0.42254568378976237,
           -0.03457057747872945,
           -0.23674107543816203
          ],
          [
           0.251929415949274,
           -0.06857076455420438,
           0.2884899099382447,
           0.1790552197891978,
           -0.15613602292007248,
           0.07103748882325349,
           -0.3167808569387177,
           -0.21777982805998405,
           -0.004906465171771905,
           0.004891952836745375,
           0.29361838602725254,
           -0.45328230185294355,
           0.049015531432859166,
           0.6652169999919638,
           1,
           0.9236907832704336,
           0.04016569923231082,
           0.7223702137846196,
           0.7613157178746023,
           -0.48930397361553335,
           -0.5338362714064245,
           0.021257943958907337,
           0.7055643384100738,
           0.6036321859748947,
           0.7006076860213228,
           0.34033750746511565,
           0.30798676271709774,
           -0.09597991825440604,
           0.05301599298667362,
           -0.1945382944001219,
           0.492499850579176,
           -0.0812062442693589,
           0.08645313298790842,
           0.08815716454026205,
           0.17019592006473303,
           0.031032701437159048,
           -0.6657398509936954,
           -0.7232257562193426,
           0.08700304598342579,
           0.16072011280704943,
           -0.3055586590081794,
           -0.10233421981289456,
           -0.17037197304364798,
           -0.016821580093453053,
           -0.026857637684222984,
           -0.15582337655335635,
           0.008481858721764185,
           -0.11758440157296829
          ],
          [
           0.2874359041148603,
           -0.03406693183423815,
           0.24732782787240007,
           0.2083002160104398,
           -0.05824142436354294,
           0.07479667337132569,
           -0.25693404315126384,
           -0.09798711824132007,
           -0.050867022510285916,
           0.05085261761661424,
           0.35113856226387,
           -0.4328806740951315,
           -0.09025215180146932,
           0.6718656708922729,
           0.9236907832704336,
           1,
           0.03512880051033719,
           0.6241745359770436,
           0.6470109567748215,
           -0.5381564978515706,
           -0.48169484532970863,
           0.0789658357608676,
           0.686853428839005,
           0.5426055662037815,
           0.6609495599386953,
           0.32225967698624497,
           0.26946963980145633,
           -0.16723084120428314,
           0.08318889743223645,
           -0.17205206331539286,
           0.4155994294054751,
           -0.11294496278799639,
           0.10041639196686841,
           0.037271267612741396,
           0.12475979056398866,
           -0.034838862880576506,
           -0.6530716011374227,
           -0.7539826126785064,
           0.023711372258542588,
           0.08128784002100277,
           -0.3555422568590811,
           -0.059350383817310635,
           -0.20506673981359874,
           -0.047283254200080824,
           -0.05889579284370676,
           -0.21978452279678748,
           -0.02821746361731348,
           -0.11451926580730387
          ],
          [
           0.11128343744124047,
           0.12013623060020806,
           -0.29839435408175863,
           -0.2785209830363895,
           0.5523468230805523,
